0 0
-19     2.2     2.1     1.2
2.5     1.6     1.2     0
2.1     0       0       0.8

0 1
1.8     -25     1.9     1.5
0.9     2.2     1.1     0
1.2     0       0       0.7

0 2
1.5     1.9     -22     2
1       1       21      0
1.1     0       0       1.6

0 3
1.3     18      2.5     -26
0.7     1       18      0
0.6     0       0       2.1

1 0
2.4     1.6     1       0.7
-19     1.9     1.3     0
1       0       0       0.6

1 1
1       2.1     1.2     0.8
1.6     1.8     1.6     0
1.1     0       0       0.5

1 2
0.8     1.1     1.8     1
15      25      -25     0
0.6     0       0       0.7

2 0
2.3     1.8     1.1     0.8
1.1     1       0.7     0
-18     0       0       1.9

2 3
1       1.5     2.1     2.2
0.5     0.6     0.7     0
1.1     0       0       -23
