0 0
0.39    0.24    0.22    0.2
0.2     0.16    0.17    0
0.2     0       0       0.16

0 1
0.23    0.46    0.22    0.18
0.16    0.2     0.16    0
0.16    0       0       0.16

0 2
0.2     0.2     0.37    0.2
0.18    0.18    0.2     0
0.18    0       0       0.18

0 3
0.19    0.2     0.23    0.42
0.2     0.16    0.17    0
0.6     0       0       0.22

1 0
0.36    0.3     0.29    0.18
0.4     0.33    0.3     0
0.2     0       0       0.16

1 1
0.34    0.36    0.3     0.24
0.4     0.41    0.32    0
0.16    0       0       0.16

1 2
0.24    0.32    0.29    0.28
0.32    0.34    0.37    0
0.16    0       0       0.2

2 0
0.36    0.31    0.3     0.26
0.2     0.16    0.14    0
0.4     0       0       0.29

2 3
0.2     0.32    0.38    0.42
0.13    0.18    0.24    0
0.2     0       0       0.43
