0 0
6.3     -2.1    -1.5    -0.6
-1.9    -1.6    -1      0
-1.2    0       0       -0.5

0 1
-1.6    6.6     -1.6    -1
-1      -1.6    -1      0
-1      0       0       -1

0 2
-1.6    -1.6    6.3     -1.6
-1      -1      -1.6    0
-0.6    0       0       -1

0 3
-1.2    -1.5    -1.9    7.2
-0.6    -1      -1.1    0
-0.6    0       0       -1.5

1 0
-2.6    -1.6    -1      -0.6
6.1     -1.9    -1.3    0
-1      0       0       -0.7

1 1
-1      -1.6    -1      -0.6
-1.6    -6.3    -1.6    0
-0.6    0       0       -0.6

1 2
-1      -1.6    -1      -0.6
-1.6    -6.3    -1.6    0
-0.6    0       0       -0.6

2 0
-1.6    -1.2    -1      -0.9
-1.2    -1      -0.7    0
8.3     0       0       -1.5

2 3
-0.7    -0.8    -1      -1.5
-0.5    -0.6    -1      0
-1      0       0       7.2

